0.168584916,0.07856953900000001,0.016854037,0.027366416,0.062851852,0.019743502,0.041210118999999996,0.050253451,0.022333677000000003,0.034539943,0.054313742000000005,0.034488028999999996,0.010464936999999999,0.01008025,0.033131983999999996,0.020698102,-0.000264315,0.0387759,0.045807394,0.020938443,0.012585037,0.033121585,0.073516305,0.042269778,0.043480429,0.044086846,0.058954973,0.015893339,0.006105144,0.02303214,0.024339047000000003,0.055615242999999995,0.014749932,0.012988228000000001,0.081201115,0.022406815,0.06205905900000001,0.054008649000000006,0.021244937999999998,0.079257673,0.012420466000000002,0.029259092,0.053455444000000005,0.024772079,0.05472117,0.019026002,0.052374872999999995,0.052142385,0.045869629,0.042688570999999995,0.08191243,0.033890367000000005,0.041980727999999995,0.015903342,0.09063856,0.015715805,0.033705335,0.049302667,0.058679010999999996,0.06710003,0.037355405,0.046621134,0.07992442599999999,0.01672685,0.019368997,0.021470924,-0.004420367,0.04496258,0.072884534,0.036889381,0.041208958,0.115954518,0.041841729,0.08463044900000001,0.08839917300000001,0.05219739,0.054636277999999996,0.09038048800000001,0.020181938,0.050101510999999994,0.03860193,0.014038206000000001,0.024067172999999997,0.032377879,0.015294643,0.05668796,0.110452614,0.013583929,0.0410958,0.053820643,0.036477341,0.025114757,0.042739276,0.064158395,0.06265678200000001,0.062044127000000004,0.025128418,0.037055358999999996,0.060253514,0.02598313
0.07856953900000001,0.23206154399999998,-0.030842203,-0.009974887,0.00776755,-0.0059137190000000004,0.013276002,0.0015709620000000002,-0.020505796,-0.008523201999999999,0.008457645,-0.016444538,-0.017377707,-0.03424109,-0.008305919,-0.024468899,-0.028579481,-0.014441363999999998,0.01048465,0.036612212000000005,-0.0018326339999999999,-0.024227227,0.018175234,0.047232435999999996,-0.004331625,-0.006731477,0.012723682,-0.030781612000000003,-0.023820475,0.016206203,0.01729654,0.019334871,-0.034008447000000004,0.033976487,0.021179412,0.0013783110000000001,0.023975688999999998,-0.012147506,-0.032073573,0.0466229,0.002900867,-0.01491457,-0.0059910630000000005,-0.013146533,0.024155159,0.021354674,0.016995329,-0.00034828,0.015064867,-0.012563315,0.04178612,0.036894006,0.010306185,0.008498024,0.047368394,-0.020479745,-0.012302941000000001,0.002982502,0.027563484,0.011399478999999999,-0.010619298999999999,-0.011850112,0.043510235,0.018124706,-0.031541086,0.016202303,-0.021532026,-0.013610457,0.033792642000000005,-0.016542642,-0.016232795,0.050402235,-0.010197201,0.059777997,0.037928815,-0.001065793,-0.000533576,0.043821763,-0.01156483,-0.0018963,-0.013734283,-0.031367557000000004,-0.029640577999999997,-0.021349046,-0.040166022999999995,0.011263853,0.070601119,-0.024442847,-0.008646438000000001,0.026800186,-0.016400848,-0.021327237000000002,-0.00299054,0.013515832,0.048717823,0.019161501,-0.008183808,-0.013079924,0.023921441,0.002526179
0.016854037,-0.030842203,0.499116124,0.35311425399999996,0.31813009999999997,0.263869449,0.219131722,0.310016572,0.336938125,0.33667369399999997,0.28325907,0.359476301,0.299026165,0.38594103799999996,0.357163412,0.36060527700000006,0.34654579799999996,0.330432149,0.207220488,0.05001451,0.346255406,0.35344231299999995,0.24827917,0.038118037,0.349252932,0.28115570100000004,0.313487849,0.364790302,0.28357098,0.207380147,0.134379682,0.265325463,0.36190353,0.125197161,0.25263256100000003,0.26576573800000003,0.233029397,0.38747037100000004,0.35665625,0.167735746,0.26753603,0.302112738,0.32742507600000004,0.30031297100000004,0.238196672,0.186029323,0.163250231,0.308452605,0.22152343300000002,0.377078342,0.165196543,0.102734881,0.242180688,0.14076192,0.173530353,0.330298188,0.347172761,0.242880767,0.17446924600000002,0.29116800800000003,0.313849521,0.32144151,0.154402209,0.153526974,0.38159613,0.113225263,0.208126405,0.326457197,0.158771878,0.340823548,0.28180559,0.17708564100000002,0.291769852,0.091197056,0.174879272,0.266792536,0.311368458,0.232508036,0.268210391,0.269356112,0.29658019399999996,0.343238131,0.371696875,0.370583421,0.393878833,0.240619643,0.10639643,0.283024538,0.304470557,0.184734717,0.31407075,0.329803141,0.24756579399999998,0.217253455,0.081336894,0.206972452,0.26856998,0.309756285,0.17800866899999998,0.211376553
0.027366416,-0.009974887,0.35311425399999996,0.818676735,0.36544046399999996,0.295130551,0.253062474,0.354640753,0.37728985600000003,0.38836790600000004,0.324303973,0.403135704,0.346044695,0.430562381,0.407547153,0.402890287,0.39648672,0.371428996,0.23915777300000002,0.05589146,0.41220637,0.387759112,0.279110947,0.039341517,0.40326842799999996,0.309771642,0.367121718,0.407793877,0.310460959,0.235606862,0.148897435,0.305334381,0.400056088,0.158417509,0.28726721899999996,0.31194024,0.269404073,0.441454004,0.393789014,0.202510742,0.314510704,0.332752609,0.36960058100000004,0.333933534,0.27974808100000004,0.227576186,0.182730045,0.353852634,0.250489379,0.43643009200000005,0.18838222899999998,0.120349833,0.278744168,0.157045348,0.20358764699999998,0.37080684,0.38358349399999997,0.272856333,0.19664280399999998,0.328729116,0.35017191200000003,0.35350832,0.17657257699999998,0.18907194,0.427426762,0.11084005599999999,0.227357786,0.369435354,0.18096103600000002,0.38336587299999997,0.304833139,0.211215092,0.318826674,0.10657111400000001,0.197326167,0.294923418,0.358409116,0.276116934,0.290966573,0.287123598,0.322532697,0.37910773600000003,0.415440401,0.419851171,0.426155602,0.273200122,0.13410128699999999,0.313131554,0.336394752,0.20728163800000002,0.340713647,0.35741781,0.267263772,0.232036073,0.082905954,0.237109295,0.304064232,0.34553368,0.19505008199999999,0.23004993399999998
0.062851852,0.00776755,0.31813009999999997,0.36544046399999996,0.488992561,0.261040315,0.23201216,0.332498495,0.33541513100000003,0.353279603,0.307379366,0.37213708700000003,0.294452074,0.37702979299999995,0.36391134799999997,0.35857799,0.33175218,0.341001145,0.22504196,0.04329802,0.34273944100000003,0.359216483,0.28024672899999997,0.039832962,0.372027722,0.29281318300000003,0.34775516799999995,0.358552176,0.269701101,0.204591931,0.129971115,0.293006417,0.35569972200000005,0.12111240599999999,0.291725004,0.272403079,0.26531378899999997,0.417891003,0.35298625,0.211410514,0.26116716100000004,0.305183897,0.347168019,0.30116841899999997,0.264229108,0.189640237,0.182039394,0.33171686699999997,0.23522769600000001,0.400970704,0.20083084899999998,0.105749681,0.254342898,0.132259745,0.21932530600000003,0.32317652399999997,0.348986054,0.262107555,0.19617980699999998,0.320083059,0.319609923,0.332767386,0.189967572,0.15660559,0.381504988,0.09735982300000001,0.187543104,0.34309535700000005,0.190011077,0.351947345,0.28770653,0.231471717,0.30156788,0.12656045400000002,0.215932679,0.28563904,0.33820042899999997,0.284031926,0.259386846,0.279759347,0.30478734,0.33571545399999997,0.374279085,0.380777876,0.379146255,0.262563692,0.154122598,0.276258252,0.315867463,0.20044591,0.31957342699999997,0.324685956,0.255811682,0.23968276100000002,0.096343965,0.232782493,0.272052693,0.321781702,0.199553855,0.208688819
0.019743502,-0.0059137190000000004,0.263869449,0.295130551,0.261040315,0.44022428,0.19416053,0.256280921,0.279817182,0.279453426,0.236467187,0.290238095,0.253557886,0.317577153,0.298967318,0.296997187,0.289146676,0.27230537,0.175419291,0.052430440999999994,0.29930048600000003,0.286318079,0.203846136,0.040237538999999996,0.289157083,0.231034457,0.260410392,0.300622379,0.238973865,0.18183224399999998,0.118649716,0.221172798,0.294932178,0.119182709,0.20681620899999997,0.22446333899999998,0.19421054,0.314086715,0.29092705,0.142159803,0.232670977,0.24855717600000002,0.26900157,0.248688732,0.20280366100000002,0.166399346,0.137398089,0.25591489,0.18773468399999999,0.310866899,0.139018213,0.098892513,0.20473943,0.12495647300000001,0.152491818,0.275136999,0.284206125,0.201848193,0.14985067,0.240872671,0.259838065,0.26320255800000003,0.130216546,0.13896017800000002,0.313396998,0.092520442,0.17258494,0.26832772899999996,0.13482371,0.281523792,0.225558385,0.148414137,0.23726495,0.08136053900000001,0.144465982,0.218582914,0.257802734,0.19365120000000002,0.220003471,0.216232796,0.23843430699999998,0.278485439,0.303979762,0.30624331899999996,0.313499493,0.19983029300000002,0.095946315,0.231116574,0.250178209,0.157396538,0.253508033,0.265282201,0.200489313,0.17498317800000002,0.071067527,0.174281357,0.226002112,0.26110562,0.147524644,0.18127658600000002
0.041210118999999996,0.013276002,0.219131722,0.253062474,0.23201216,0.19416053,0.443828299,0.22633451300000001,0.23921035899999998,0.241109983,0.212004527,0.24627960399999999,0.21626142899999998,0.267150641,0.2617239,0.251695818,0.24074156,0.237997564,0.156313825,0.040096217999999996,0.259873054,0.244550888,0.190387307,0.041868998,0.252660335,0.20255979999999998,0.23316166600000002,0.25528044,0.199438642,0.155268714,0.09996594199999999,0.194331489,0.24783151399999997,0.096921596,0.19508886,0.189935662,0.174035415,0.27312090899999997,0.247002373,0.141180916,0.20031222899999998,0.21267791100000003,0.24117813800000001,0.211085582,0.181946147,0.140290613,0.12352238300000001,0.231677429,0.16974152,0.274410322,0.138413906,0.08706274800000001,0.183815316,0.105940986,0.15464377199999998,0.233673336,0.24582437,0.18054781600000003,0.137987992,0.21815441,0.224799953,0.227626401,0.129688697,0.11905026,0.265674288,0.073460602,0.138715442,0.24102462,0.1308803,0.247195777,0.19391948399999998,0.154413883,0.204851032,0.091554162,0.142023068,0.19490993399999998,0.23018374600000002,0.183654328,0.186399056,0.18664350100000002,0.20273406600000002,0.232933977,0.259496505,0.26479363,0.263949287,0.18289737399999997,0.104648184,0.19383044600000002,0.216665152,0.14252904,0.217057787,0.222347548,0.173257611,0.154401401,0.07260977,0.161707771,0.194774227,0.22757123199999998,0.131568457,0.15365773800000002
0.050253451,0.0015709620000000002,0.310016572,0.354640753,0.332498495,0.256280921,0.22633451300000001,0.49655298,0.331063865,0.339433892,0.297644835,0.35525922,0.298782859,0.37215782799999997,0.355162584,0.353044436,0.334096514,0.332668316,0.22030652899999997,0.045734449,0.34579790899999996,0.346989334,0.267006319,0.039303983,0.354894215,0.280074497,0.33192774,0.35300234399999997,0.267947176,0.203695209,0.12835487199999998,0.27425876,0.35328494,0.12130253099999999,0.279028545,0.264370934,0.245285736,0.39577817200000004,0.346118871,0.19395794,0.262757609,0.297517878,0.33641943799999996,0.294763386,0.24866281,0.18655247100000003,0.175263534,0.325975426,0.229444158,0.38473131,0.190420609,0.10753321800000001,0.25199588100000003,0.133387651,0.203831508,0.318656105,0.34096867799999997,0.254412713,0.189105656,0.305456825,0.31251389399999996,0.321932924,0.17989282199999998,0.15253455,0.374838204,0.09776903699999999,0.193224183,0.33447050899999997,0.183564162,0.342661635,0.27906622,0.213859082,0.291059544,0.11523874199999999,0.201818578,0.273966836,0.327953111,0.261987755,0.254995509,0.265799617,0.30393253,0.33121122,0.367889614,0.377220082,0.37015188200000004,0.254420214,0.140395405,0.27301904,0.303360118,0.18983935100000002,0.306107483,0.317327087,0.245481814,0.22377655899999999,0.089958441,0.22729934100000002,0.269930861,0.31086791399999997,0.18756315899999998,0.201931561
0.022333677000000003,-0.020505796,0.336938125,0.37728985600000003,0.33541513100000003,0.279817182,0.23921035899999998,0.331063865,0.641686666,0.358159775,0.305736883,0.371216091,0.327153972,0.407860538,0.385252631,0.381650715,0.37257865,0.353081711,0.22457938300000002,0.054885807,0.383293069,0.36878847299999995,0.265033821,0.04206342,0.372003672,0.298490915,0.33553567100000004,0.388450346,0.294839836,0.22523969,0.145266596,0.278214426,0.380299636,0.138900142,0.272674268,0.283964239,0.245571748,0.406212616,0.37648101,0.180658867,0.295968551,0.32038202,0.351587259,0.318578556,0.257481594,0.20518200399999997,0.174274017,0.33467952,0.23832937699999998,0.40353734799999996,0.17943062199999998,0.117988878,0.263684325,0.154887445,0.18882005899999998,0.354016999,0.365731115,0.259254133,0.188861025,0.311993083,0.334196117,0.337587174,0.16701068800000002,0.17239721,0.404681199,0.109203001,0.216817528,0.34843867799999995,0.175551962,0.364214981,0.291500511,0.19408614899999999,0.305132865,0.10147913300000001,0.188811647,0.283525104,0.336480336,0.248549805,0.27954924,0.278100008,0.30500240100000003,0.356483933,0.39468155299999996,0.39917881899999996,0.405406183,0.260916558,0.12112504699999999,0.29469540899999996,0.319093312,0.197685652,0.323306477,0.339027752,0.255317051,0.22208363600000003,0.083816501,0.22782395600000002,0.290670386,0.327483262,0.185097373,0.218101186
0.034539943,-0.008523201999999999,0.33667369399999997,0.38836790600000004,0.353279603,0.279453426,0.241109983,0.339433892,0.358159775,0.745494552,0.310904737,0.385340842,0.325215211,0.40695188600000004,0.38605032200000006,0.382435181,0.370691554,0.355005611,0.230738905,0.051872863,0.38201799999999997,0.372608996,0.27179297399999996,0.039206585,0.38588219700000004,0.300738781,0.351928219,0.38655527,0.293337144,0.22051506199999998,0.142008951,0.292946465,0.379024983,0.14395465400000002,0.280460039,0.295037638,0.261830681,0.425294047,0.37574203700000003,0.197944357,0.292576045,0.31967049399999997,0.35560978299999996,0.318624901,0.269626981,0.21280547600000002,0.179342058,0.338661728,0.239614699,0.417486814,0.18541161,0.113753545,0.264496099,0.149397529,0.20105536899999998,0.35080348899999997,0.36552365600000003,0.263808585,0.19148498100000003,0.31841578600000003,0.33324176899999997,0.34106016200000006,0.174336182,0.179428781,0.406994061,0.10696520699999999,0.213090738,0.35392476,0.17843092300000002,0.366566379,0.294561489,0.20937959899999997,0.30781843600000003,0.107490899,0.196707673,0.287176504,0.344173092,0.26996747,0.277184878,0.279737332,0.31184599399999996,0.358993933,0.396022146,0.39855339700000003,0.40615781,0.265235068,0.133776628,0.298532278,0.32427822,0.200474282,0.3286623,0.340008225,0.259419535,0.229185775,0.084118322,0.23037890600000002,0.289623201,0.331795876,0.192008519,0.21997181600000001
0.054313742000000005,0.008457645,0.28325907,0.324303973,0.307379366,0.236467187,0.212004527,0.297644835,0.305736883,0.310904737,0.502473849,0.323697357,0.271368288,0.340731475,0.33055275,0.323719733,0.300709722,0.307884793,0.20033942600000001,0.050439994,0.31772166399999996,0.31941015899999997,0.252134431,0.041252902,0.326622714,0.261563594,0.305718432,0.324469933,0.24339116800000002,0.19275277899999999,0.119313407,0.255257671,0.322649018,0.109359229,0.260822283,0.238486189,0.228184265,0.362289675,0.31810197100000004,0.182573835,0.242649234,0.274708974,0.313043721,0.272473517,0.232935948,0.16863507600000002,0.16268522900000001,0.303040147,0.21579063,0.353211369,0.182769347,0.103074699,0.233514489,0.12337464599999999,0.194250893,0.293877194,0.316930141,0.23504115899999997,0.1791988,0.286755358,0.292516332,0.297315916,0.172103271,0.136544287,0.342137776,0.08840469199999999,0.170676522,0.308507023,0.17421231899999998,0.31765524300000003,0.257427728,0.20617221,0.270116375,0.116030878,0.191885644,0.25514328399999997,0.311112871,0.245491713,0.235342367,0.248113542,0.26805832,0.299796454,0.33781351299999995,0.34638360700000004,0.337778429,0.23637062399999997,0.139013892,0.245101575,0.281756835,0.18123563399999998,0.28273222600000003,0.291410063,0.22613197100000001,0.21059753899999997,0.090968746,0.212207564,0.249352705,0.287186541,0.17460768,0.18546658800000002
0.034488028999999996,-0.016444538,0.359476301,0.403135704,0.37213708700000003,0.290238095,0.24627960399999999,0.35525922,0.371216091,0.385340842,0.323697357,0.59992295,0.331971587,0.42319480299999995,0.39576008799999995,0.397445874,0.380411149,0.36917546799999995,0.236533193,0.050280684000000006,0.384869516,0.39341097,0.286778164,0.03286825,0.40098822799999995,0.31140087699999996,0.36871918600000003,0.39970347799999995,0.309359325,0.225359207,0.143180451,0.30989896,0.401359521,0.142245873,0.294922857,0.304405575,0.276754533,0.450190915,0.39253962299999995,0.208368957,0.292177841,0.331468422,0.368586398,0.331525099,0.28169426399999997,0.212875827,0.189683806,0.35189230200000005,0.24830955600000001,0.432462346,0.19350819600000002,0.11238108,0.270925861,0.146687667,0.20914852,0.36073798100000004,0.379240312,0.275944546,0.200991096,0.332826971,0.349454614,0.35969261799999996,0.181992161,0.17489211899999998,0.422901245,0.111914005,0.22189773699999998,0.366319726,0.189272945,0.381533179,0.31458274399999997,0.216362778,0.325923814,0.107417385,0.20805663300000002,0.298413696,0.36152546399999996,0.284928939,0.286872454,0.298467146,0.332663618,0.37907393,0.41422439899999997,0.418055319,0.42484827700000005,0.272645245,0.137709023,0.310449083,0.340273363,0.20530998399999997,0.348467057,0.363754829,0.275041865,0.24901052,0.08447087,0.2413913,0.29820889,0.350677612,0.205808696,0.23104452600000003
0.010464936999999999,-0.017377707,0.299026165,0.346044695,0.294452074,0.253557886,0.21626142899999998,0.298782859,0.327153972,0.325215211,0.271368288,0.331971587,0.73264568,0.371901094,0.34822517700000005,0.346945289,0.354834321,0.318333265,0.207782188,0.055647255,0.36548422799999997,0.328046625,0.230029679,0.038127,0.334101112,0.262764805,0.300958065,0.354790516,0.27002124,0.20437182,0.135649335,0.242536825,0.347130506,0.141321452,0.236323885,0.268016331,0.21490757100000002,0.362489085,0.341727699,0.155384549,0.28080404,0.285051199,0.314866858,0.28669075899999996,0.232755595,0.20020002399999998,0.158990915,0.30191743600000004,0.213062193,0.36418159,0.152164363,0.110485489,0.24087472399999998,0.146360106,0.160076145,0.32438522399999997,0.325974725,0.230170746,0.164788876,0.272230067,0.298208058,0.300617676,0.145154581,0.170829142,0.367539406,0.102700021,0.208134433,0.31473528,0.15308149199999999,0.32703091100000004,0.259733286,0.162265789,0.269852876,0.08305844799999999,0.157913258,0.247891518,0.305290713,0.216592423,0.25193181800000003,0.237228183,0.27024333100000003,0.324842117,0.358808936,0.36127885600000004,0.366270156,0.234884885,0.10189208699999999,0.275056511,0.282974903,0.17560643,0.285283693,0.303128482,0.22398005,0.188558625,0.0644112,0.20495657,0.266870014,0.29233298399999996,0.16005145199999998,0.19573401399999998
0.01008025,-0.03424109,0.38594103799999996,0.430562381,0.37702979299999995,0.317577153,0.267150641,0.37215782799999997,0.407860538,0.40695188600000004,0.340731475,0.42319480299999995,0.371901094,0.749350295,0.43908875299999994,0.434811901,0.428125355,0.39752793299999994,0.250085443,0.058116010999999995,0.439548995,0.419474175,0.29091370899999996,0.039946913,0.42187024100000003,0.33371766,0.37759877,0.442153888,0.33731187799999995,0.25318462399999997,0.160796289,0.312719635,0.432133634,0.159220486,0.297475198,0.324398393,0.273045728,0.45976147700000003,0.426815894,0.196718351,0.337681092,0.361090442,0.393695741,0.360237431,0.285337326,0.23381908399999998,0.18880847899999997,0.374663549,0.26511129,0.458086704,0.192178105,0.125909104,0.295647803,0.172608651,0.203594307,0.40226599799999996,0.413536523,0.288061437,0.204328337,0.345271138,0.37569113,0.379016879,0.17921951,0.19523659699999998,0.46111599999999997,0.121896739,0.24922472,0.393332594,0.18403557899999998,0.412472058,0.327228426,0.207554508,0.341603579,0.10410283,0.199616835,0.315228283,0.37457667,0.273226858,0.316365535,0.30843061,0.343707796,0.408256429,0.448030909,0.44842614299999994,0.464344704,0.289133378,0.123581766,0.33832039,0.359801875,0.21845235699999999,0.366443067,0.385661871,0.286031422,0.24303991,0.085309008,0.245949387,0.327435404,0.36792173200000006,0.201797444,0.247212276
0.033131983999999996,-0.008305919,0.357163412,0.407547153,0.36391134799999997,0.298967318,0.2617239,0.355162584,0.385252631,0.38605032200000006,0.33055275,0.39576008799999995,0.34822517700000005,0.43908875299999994,0.7645430459999999,0.40931865799999995,0.401048814,0.378915774,0.23904955600000002,0.053909534,0.427926064,0.394501139,0.287528444,0.048259435,0.40564285299999997,0.321347547,0.366349359,0.41716694200000004,0.308850532,0.24449528199999998,0.153840879,0.30208456300000003,0.398322709,0.151201007,0.294574127,0.305775776,0.266814879,0.43713183899999997,0.399363555,0.20403526,0.328855976,0.341908799,0.381876376,0.339625183,0.28005193,0.223329206,0.17801642199999998,0.362024412,0.25684407800000003,0.44088990000000006,0.19919751600000002,0.124242967,0.28739598899999996,0.163691651,0.215250513,0.38249522399999997,0.39621235299999996,0.27434587,0.200452823,0.338733636,0.356341997,0.35711989899999996,0.18591625899999997,0.18891946399999998,0.43254015700000004,0.10982799300000001,0.219635412,0.376981416,0.18259197,0.39377093700000004,0.303404975,0.218920654,0.321545806,0.12231778199999999,0.203245172,0.303459939,0.359827658,0.276714317,0.29774264899999997,0.292440633,0.318774652,0.375676984,0.420828,0.421596815,0.43631552799999995,0.28433051800000003,0.14008957,0.31086504,0.341248615,0.218820326,0.34449000799999996,0.3576822,0.269256187,0.231260343,0.093745181,0.23857186600000002,0.309100151,0.347340637,0.195463463,0.231905908
0.020698102,-0.024468899,0.36060527700000006,0.402890287,0.35857799,0.296997187,0.251695818,0.353044436,0.381650715,0.382435181,0.323719733,0.397445874,0.346945289,0.434811901,0.40931865799999995,0.8177949170000001,0.397602764,0.37434546399999996,0.239153991,0.056006627999999996,0.40859463100000004,0.393125048,0.2806219,0.040806728,0.397128297,0.315514912,0.358112895,0.412426334,0.31321284899999996,0.23834966800000001,0.151496288,0.296683691,0.404824048,0.14781454300000002,0.28730905,0.30411428100000004,0.26135209600000003,0.435614881,0.39977979399999997,0.189871189,0.31530152699999997,0.33944742,0.372920363,0.337951874,0.272312041,0.219031444,0.18391595300000002,0.355071391,0.25127009699999997,0.430007286,0.18794128100000002,0.120077315,0.278559583,0.16066787300000002,0.200090982,0.37501571200000006,0.389186043,0.273759327,0.197377558,0.329478606,0.354825939,0.36001482799999995,0.17570191899999998,0.182137629,0.431825023,0.11696123300000001,0.229702755,0.36980488,0.180965724,0.385686528,0.311569219,0.205316805,0.324866889,0.10449991800000001,0.197433445,0.299917875,0.356634584,0.26608123,0.296406077,0.294025031,0.325554551,0.38069548299999995,0.420797164,0.421418215,0.43405917200000005,0.27620225600000003,0.12765206699999998,0.31665907,0.34075172200000003,0.2087533,0.34586619,0.361872298,0.271622593,0.236205252,0.086230791,0.237549955,0.308101325,0.347078481,0.19632539100000002,0.232622457
-0.000264315,-0.028579481,0.34654579799999996,0.39648672,0.33175218,0.289146676,0.24074156,0.334096514,0.37257865,0.370691554,0.300709722,0.380411149,0.354834321,0.428125355,0.401048814,0.397602764,0.948914756,0.361127456,0.233091036,0.063297708,0.425136232,0.372695887,0.250612634,0.03881425,0.38204492,0.297154975,0.338355564,0.41013751600000004,0.307595747,0.231810336,0.15800349,0.275206297,0.392098529,0.16800342699999998,0.25821791899999996,0.31096372,0.241878392,0.412775655,0.39051458299999997,0.1688399,0.328630345,0.324624299,0.354898255,0.326523081,0.258918219,0.233172842,0.170008424,0.33358109399999997,0.233548652,0.41478637799999996,0.161904816,0.121938503,0.272441865,0.16853444899999998,0.172234723,0.37660254200000004,0.370540327,0.253168275,0.17508414,0.305697367,0.334887465,0.33762897299999994,0.150040914,0.19973572899999997,0.420281089,0.117564813,0.238697341,0.352760093,0.156173511,0.367411895,0.289729315,0.17152584899999998,0.301850069,0.082550138,0.16760008,0.276794891,0.338272124,0.238995364,0.287412889,0.26791770800000003,0.304165913,0.372831395,0.40814438399999997,0.40539648100000003,0.426523049,0.262867627,0.105270863,0.31532749600000004,0.317604242,0.196098611,0.323153882,0.34646350600000003,0.252483118,0.20614476899999998,0.06283939,0.21906723,0.299900589,0.326851816,0.177598814,0.22522724100000002
0.0387759,-0.014441363999999998,0.330432149,0.371428996,0.341001145,0.27230537,0.237997564,0.332668316,0.353081711,0.355005611,0.307884793,0.36917546799999995,0.318333265,0.39752793299999994,0.378915774,0.37434546399999996,0.361127456,0.5403968370000001,0.226549652,0.046656462,0.369260975,0.36668894700000004,0.274830164,0.04045726,0.370523156,0.297795173,0.338897864,0.38220403700000005,0.285293108,0.216503468,0.141237109,0.28070768,0.37358886700000005,0.12712057,0.282741714,0.277123513,0.250496083,0.409982975,0.37323373299999996,0.19037759699999998,0.283340054,0.31582108600000003,0.35684467200000003,0.312367921,0.258782017,0.195635155,0.179695382,0.337531963,0.239148045,0.402223813,0.192857573,0.111771303,0.264899598,0.14874078400000001,0.20237210600000002,0.346422246,0.361052479,0.26227445899999996,0.19270000399999998,0.317050075,0.330997172,0.338755431,0.17842646,0.162524635,0.39708937899999996,0.103772844,0.205745205,0.352544191,0.183413565,0.362501533,0.292971214,0.211365253,0.306358697,0.11314091,0.20123233100000001,0.28714917,0.340085156,0.26132969899999997,0.272570302,0.278785218,0.305178013,0.34955227,0.389437627,0.394120005,0.397387682,0.267098585,0.134607872,0.289250368,0.31952217899999996,0.200169581,0.323073377,0.334401877,0.256303619,0.230088641,0.08839187,0.232613652,0.285333344,0.32676066600000003,0.190438178,0.213494651
0.045807394,0.01048465,0.207220488,0.23915777300000002,0.22504196,0.175419291,0.156313825,0.22030652899999997,0.22457938300000002,0.230738905,0.20033942600000001,0.236533193,0.207782188,0.250085443,0.23904955600000002,0.239153991,0.233091036,0.226549652,0.370635859,0.044651323,0.23434999399999998,0.23518047600000003,0.183784025,0.039253512000000004,0.23955137699999998,0.196105652,0.2215062,0.240105835,0.18068585899999998,0.137847746,0.099513739,0.18559048,0.236265156,0.094500196,0.193185155,0.187887668,0.170822702,0.268536977,0.23532370100000002,0.131719499,0.183799125,0.203501453,0.22874698300000001,0.201534162,0.171155015,0.137933641,0.13283141699999998,0.216816194,0.156879097,0.2572221,0.130534985,0.086666496,0.172164503,0.102192664,0.143340152,0.217389573,0.226689885,0.18608486300000002,0.140745791,0.214127225,0.20724055800000002,0.226525855,0.125502231,0.118177146,0.25394135100000004,0.07965483799999999,0.13977094699999998,0.228598303,0.129891178,0.230650288,0.19129710800000002,0.148595534,0.20152903100000003,0.085342289,0.146331885,0.19125323800000002,0.224162836,0.18125381899999998,0.17543392300000002,0.184630548,0.20262784,0.225423677,0.24747805,0.251238437,0.25133056600000003,0.17776093,0.10227541400000001,0.195966477,0.209222674,0.13783758,0.2099587,0.211866198,0.181662433,0.158967955,0.065803901,0.161178952,0.18560013399999997,0.210270818,0.146744139,0.143735379
0.020938443,0.036612212000000005,0.05001451,0.05589146,0.04329802,0.052430440999999994,0.040096217999999996,0.045734449,0.054885807,0.051872863,0.050439994,0.050280684000000006,0.055647255,0.058116010999999995,0.053909534,0.056006627999999996,0.063297708,0.046656462,0.044651323,0.307112425,0.063542649,0.049368745,0.032512522,0.040378963999999996,0.049928081,0.046328877000000004,0.043327395,0.055341499,0.049757105999999995,0.056228293,0.05123075,0.047862945,0.052047322,0.062562035,0.031729608,0.056603999,0.043397805,0.048098153,0.051638422999999996,0.027599725,0.060247302999999995,0.05086345,0.041129502000000005,0.054632047999999996,0.046839747,0.059737785999999994,0.040798293,0.038867537,0.041385704,0.045042967,0.028194252000000003,0.054364576,0.042727247999999995,0.049112697000000004,0.025782837000000003,0.05680955,0.052047017,0.039559948,0.040180434,0.045055815,0.049543237000000004,0.050243135999999994,0.030166261,0.053174239000000005,0.055551918,0.050026274,0.050747050999999994,0.03710435,0.032023987999999996,0.04486446,0.042144743,0.024738945,0.045815098,0.02736276,0.030365951000000002,0.040883592999999996,0.050182717,0.036112927999999996,0.05108810900000001,0.046447287999999996,0.047414258,0.052132635,0.052813239000000005,0.05074696,0.053736072999999995,0.037839143,0.034431168,0.049668397999999996,0.048123357,0.046190475,0.046863348,0.052242219000000006,0.044316256,0.04190111,0.034634839,0.037190846,0.050672543,0.044294951,0.043387885,0.048736412
0.012585037,-0.0018326339999999999,0.346255406,0.41220637,0.34273944100000003,0.29930048600000003,0.259873054,0.34579790899999996,0.383293069,0.38201799999999997,0.31772166399999996,0.384869516,0.36548422799999997,0.439548995,0.427926064,0.40859463100000004,0.425136232,0.369260975,0.23434999399999998,0.063542649,1.0008855220000001,0.3766177,0.264797545,0.048621868,0.397869189,0.302587396,0.357227219,0.41792013899999997,0.31064152300000003,0.251808424,0.15734651300000002,0.28717467,0.396325955,0.179816975,0.269717002,0.31829907399999996,0.25073545,0.419492899,0.392505541,0.188563646,0.354900183,0.32856591,0.367917229,0.33334310100000003,0.27676492199999997,0.245019839,0.165398703,0.351557244,0.24994626,0.433695481,0.17684846899999998,0.131375942,0.286588053,0.16846657399999998,0.193575894,0.387511196,0.388245433,0.257914465,0.18615226899999998,0.31855994600000004,0.34715736700000005,0.340346383,0.164717314,0.20788406,0.42985021799999995,0.11099658,0.228703963,0.36469502,0.164788985,0.38211554,0.28483718399999997,0.189566182,0.30324527,0.101790811,0.17453554300000002,0.279802311,0.351302165,0.257406613,0.29360754,0.265748429,0.299479413,0.374655203,0.415104164,0.416901905,0.431943587,0.272036071,0.12476445,0.31576440100000003,0.328821205,0.207199258,0.33000052,0.34853025200000004,0.250659777,0.20151267,0.07512050299999999,0.226853635,0.307402545,0.334673937,0.177114082,0.22729665699999999
0.033121585,-0.024227227,0.35344231299999995,0.387759112,0.359216483,0.286318079,0.244550888,0.346989334,0.36878847299999995,0.372608996,0.31941015899999997,0.39341097,0.328046625,0.419474175,0.394501139,0.393125048,0.372695887,0.36668894700000004,0.23518047600000003,0.049368745,0.3766177,0.545935527,0.284929521,0.038231367999999995,0.388511173,0.313763657,0.353834611,0.396870244,0.30281732100000003,0.22411778,0.144816055,0.295829903,0.393791265,0.129617985,0.292412849,0.290278494,0.264738712,0.434029557,0.389935707,0.19616465600000002,0.289347397,0.332386729,0.36770828200000005,0.329062138,0.270622955,0.201844925,0.188497023,0.348558639,0.24720482800000002,0.420119818,0.194015973,0.113508706,0.268755046,0.151106448,0.20699253199999998,0.358750568,0.377640491,0.27440272600000004,0.200814968,0.33052708,0.34567844299999995,0.357879005,0.182070552,0.168267935,0.41795979899999997,0.112600016,0.21757446,0.363740182,0.188556083,0.380458256,0.310754555,0.21262487800000002,0.323903863,0.110822595,0.207899915,0.30055055,0.354067112,0.271934313,0.286702103,0.297490455,0.325967108,0.36956005,0.409488764,0.411051118,0.420532319,0.273879521,0.132930764,0.306343362,0.338274894,0.206725338,0.34483758200000003,0.35555551399999996,0.273184415,0.246720573,0.090106887,0.239820879,0.297439212,0.345237213,0.20324989899999998,0.227431756
0.073516305,0.018175234,0.24827917,0.279110947,0.28024672899999997,0.203846136,0.190387307,0.267006319,0.265033821,0.27179297399999996,0.252134431,0.286778164,0.230029679,0.29091370899999996,0.287528444,0.2806219,0.250612634,0.274830164,0.183784025,0.032512522,0.264797545,0.284929521,0.332998631,0.039748702999999996,0.288009802,0.235727345,0.275978334,0.279675315,0.20848197100000002,0.16309380099999998,0.102739289,0.23026868399999997,0.287765508,0.082845233,0.250167094,0.20359278,0.21155797399999998,0.32748529600000004,0.279308481,0.17714722800000002,0.200764396,0.241126591,0.285211305,0.23673143600000002,0.21396262600000002,0.137863848,0.15650173,0.274180959,0.195601463,0.311500196,0.180968214,0.089727728,0.207471232,0.10246279400000001,0.194364239,0.251588505,0.277852681,0.21695239,0.17144465600000003,0.266197687,0.259011586,0.270944272,0.170120482,0.110511217,0.296245734,0.077804444,0.139172956,0.278724509,0.17361709600000003,0.282904964,0.235330184,0.204715297,0.25234254300000003,0.12065464599999999,0.193395805,0.234420295,0.27833722899999996,0.23694221699999998,0.203123025,0.22924902600000002,0.24206983399999998,0.25993861100000004,0.295581229,0.305157161,0.293543281,0.21875287899999998,0.143091037,0.21247681300000001,0.254245069,0.166580023,0.255232845,0.257365699,0.208696861,0.20367038899999998,0.091178849,0.20241239800000002,0.216492994,0.259239132,0.16962535,0.163715319
0.042269778,0.047232435999999996,0.038118037,0.039341517,0.039832962,0.040237538999999996,0.041868998,0.039303983,0.04206342,0.039206585,0.041252902,0.03286825,0.038127,0.039946913,0.048259435,0.040806728,0.03881425,0.04045726,0.039253512000000004,0.040378963999999996,0.048621868,0.038231367999999995,0.039748702999999996,0.160337574,0.04168354,0.04389105,0.039183999,0.04115365,0.0324233,0.046577787,0.042760109000000004,0.04132513,0.032059058,0.042111115,0.040083155,0.037754401,0.040496657,0.03649811,0.03777782,0.039134502,0.04792421,0.04274422,0.041968772,0.041327478,0.041856605,0.042218306,0.036535736,0.038467695,0.043213793,0.040028218,0.042475698,0.046542143,0.04144637,0.042628922,0.043083157000000004,0.043601877000000004,0.049107486,0.038240161,0.041713277,0.045757743,0.039460315,0.041691384,0.042277699,0.042035246,0.039870312000000005,0.04124521,0.03051919,0.038860223,0.038037982000000005,0.040595574,0.031230731,0.044329263,0.037341484,0.047223784000000005,0.04141601,0.042173762000000004,0.036806835,0.041627852,0.045532627,0.040170721,0.035392826,0.032761567000000005,0.037123574,0.037499924,0.042339067,0.041704437999999996,0.046895429,0.033601604,0.041255112999999996,0.047332759,0.038009661,0.034832077999999995,0.037433697,0.038546322,0.050160548,0.037919796,0.039714731,0.036663812999999996,0.039887547999999995,0.03787281
0.043480429,-0.004331625,0.349252932,0.40326842799999996,0.372027722,0.289157083,0.252660335,0.354894215,0.372003672,0.38588219700000004,0.326622714,0.40098822799999995,0.334101112,0.42187024100000003,0.40564285299999997,0.397128297,0.38204492,0.370523156,0.23955137699999998,0.049928081,0.397869189,0.388511173,0.288009802,0.04168354,0.661325587,0.31604116600000004,0.370273571,0.401448364,0.300867528,0.228743273,0.145971223,0.307754183,0.39048826799999997,0.144554351,0.29805434199999997,0.304389208,0.276028476,0.445382185,0.389409945,0.21320425699999998,0.30438412,0.333768729,0.373955629,0.331060627,0.282415863,0.218049639,0.18490313100000003,0.35557961,0.250653433,0.43836049,0.199615796,0.116390855,0.27709747,0.153052007,0.21819248,0.36478528600000004,0.382703045,0.275302874,0.20064208100000003,0.336583339,0.346959426,0.355087091,0.187795341,0.184793535,0.422624796,0.107031654,0.214291751,0.37057597,0.18773007,0.383161314,0.30517955199999997,0.22704864800000002,0.320290291,0.12041582099999999,0.21069718199999998,0.30206147899999997,0.35976068,0.288055773,0.287499204,0.29304332,0.323524582,0.369967176,0.411693191,0.41395188200000005,0.422985757,0.280058567,0.14627807,0.306609435,0.338180169,0.212260058,0.342545695,0.352218944,0.270145766,0.240151225,0.09163801699999999,0.24054058399999997,0.30018811100000004,0.345474181,0.20142958600000002,0.227564265
0.044086846,-0.006731477,0.28115570100000004,0.309771642,0.29281318300000003,0.231034457,0.20255979999999998,0.280074497,0.298490915,0.300738781,0.261563594,0.31140087699999996,0.262764805,0.33371766,0.321347547,0.315514912,0.297154975,0.297795173,0.196105652,0.046328877000000004,0.302587396,0.313763657,0.235727345,0.04389105,0.31604116600000004,0.433082452,0.286026178,0.320672691,0.23866340800000002,0.183119573,0.124509614,0.240508433,0.309111917,0.105744824,0.243076862,0.233756944,0.218710812,0.34882191,0.313731477,0.16589509,0.237264699,0.273586805,0.301980268,0.26755652,0.22201616899999999,0.165779451,0.15622938,0.28284770000000004,0.202885537,0.34142864100000003,0.16626832800000002,0.098794714,0.22073997199999998,0.130964659,0.178358878,0.291774212,0.3068395,0.225554008,0.167849432,0.273948648,0.278502558,0.290757721,0.157143314,0.144574995,0.336780416,0.09457096699999999,0.171931659,0.29642302800000003,0.157487913,0.307018713,0.24977615399999997,0.186519783,0.262574915,0.10644726,0.178373697,0.25132874899999996,0.28598900899999996,0.226035708,0.23414257,0.244985963,0.262713435,0.292359931,0.328368763,0.326772593,0.338768622,0.229676198,0.121239733,0.24605022699999998,0.27535407100000003,0.178201478,0.278902017,0.281110614,0.22428676399999997,0.20316003600000002,0.08561587699999999,0.197459432,0.242315355,0.277249409,0.17016015399999998,0.185492165
0.058954973,0.012723682,0.313487849,0.367121718,0.34775516799999995,0.260410392,0.23316166600000002,0.33192774,0.33553567100000004,0.351928219,0.305718432,0.36871918600000003,0.300958065,0.37759877,0.366349359,0.358112895,0.338355564,0.338897864,0.2215062,0.043327395,0.357227219,0.353834611,0.275978334,0.039183999,0.370273571,0.286026178,0.607089804,0.358434152,0.270006707,0.20710084,0.12859923,0.287786302,0.35631599,0.127149832,0.287448579,0.274534389,0.259796979,0.41231870299999995,0.35060202700000004,0.210453461,0.269443522,0.300801468,0.34527985899999997,0.29861208300000003,0.264625435,0.194502089,0.176848836,0.333684038,0.234976926,0.40115619399999997,0.19799947199999998,0.107043963,0.25674797,0.131830601,0.21609039300000002,0.324600111,0.34792160899999997,0.257010827,0.192813085,0.31444277600000003,0.318481976,0.32686170800000003,0.186766335,0.160748579,0.38038531299999995,0.094430339,0.18817169600000003,0.34101992,0.188161307,0.35069637600000003,0.28202620100000003,0.22615509399999997,0.295231242,0.122479647,0.208672391,0.278258864,0.337992478,0.28040909199999997,0.25705449,0.27000284,0.297290687,0.333969627,0.37397182799999995,0.38252688100000004,0.37659025799999996,0.261196638,0.152421797,0.273762131,0.309528045,0.19536635600000002,0.312200112,0.321782174,0.247837749,0.22880131199999998,0.09163199,0.231938852,0.272670846,0.31860335,0.191628685,0.204999737
0.015893339,-0.030781612000000003,0.364790302,0.407793877,0.358552176,0.300622379,0.25528044,0.35300234399999997,0.388450346,0.38655527,0.324469933,0.39970347799999995,0.354790516,0.442153888,0.41716694200000004,0.412426334,0.41013751600000004,0.38220403700000005,0.240105835,0.055341499,0.41792013899999997,0.396870244,0.279675315,0.04115365,0.401448364,0.320672691,0.358434152,0.688796689,0.317662458,0.239698913,0.158038442,0.296148067,0.408567899,0.150688988,0.28573667399999997,0.308692431,0.261134443,0.43740153299999995,0.40945165,0.18857412699999998,0.322773945,0.344583759,0.38011438,0.34253261,0.274318259,0.22287843899999998,0.18257295699999998,0.356700709,0.25212460600000003,0.43615140700000005,0.187946184,0.121635214,0.284361897,0.169284922,0.196866524,0.386725838,0.393197846,0.27455358399999996,0.195671357,0.331716093,0.357276565,0.361494673,0.173156053,0.1888016,0.43762593899999996,0.116421699,0.234650688,0.376694883,0.177944507,0.391262999,0.311636558,0.202033629,0.325884298,0.103561524,0.193945963,0.30287042,0.35839786799999995,0.26235458100000003,0.30106447399999997,0.294545735,0.32628301,0.385406724,0.425844519,0.425036149,0.44207731100000003,0.281155698,0.12258693,0.320731759,0.34219985799999997,0.211523724,0.347778039,0.364178857,0.27255229,0.232984794,0.082647076,0.237102705,0.311842881,0.349858958,0.19392025100000002,0.23435920100000002
